-4.645682 6.0887-ph_corr3 
-4.645682 5.3055888845144 
-4.6437581104865 5.0293100711163 
-4.641559583645 4.5207597938749 
-4.6423314966067 4.0602454206213 
-4.7349428542103 3.7901262788679 
-4.9218832310633 3.59468923123 
-5.3382515898368 3.509716306995 
-5.7971083636319 3.5776944711717 
-6.086019178173 3.7476406844177 
-6.2559670749379 3.9770684405149 
-6.3306741501474 4.2211765863932 
-6.340072768516 4.4356363119219 
-6.3432462836883 4.6958161180543 
-6.3396852667931 4.96322637717 
-6.3373996032798 5.2015938062883 
-6.3374059975163 5.3704570281246 
-6.3374059975163 6.0887-ph_corr3 
  
