8.993 18.64 
7.22 18.66 
6.9 18.62 
6.5 18.52 
5.92 18.22 
5.7 17.92 
5.4 17.54 
5.24 16.84 
5.22 16.42 
5.3 15.74 
5.52 15.36 
5.7 15.04 
6.26 14.58 
6.52 14.46 
6.8853735143155 14.360022863794 
7.251605093825 14.284976692564 
7.5844842191069 14.176920762449 
7.9007363254176 14.026988645503 
8.1337840917216 13.735812421494 
8.2169785369131 13.436114658533 
8.2336229274668 13.061615880541 
8.1120938283688 12.525939041706 
7.9357949687228 12.140580805601 
7.670749542752 11.8400265384 
7.3205791308746 11.592989126606 
6.9353604642816 11.48039881791 
6.54 11.46 
5.84 11.62 
5.28 11.68 
4.76 11.7 
4.02 11.54 
3.14 11.26 
2.3914414801694 11.047644853964 
1.287 10.78 
  
